0	0	0	0
0.008360169	0.004247653	0.07099	0.3
0.016714828	0.00927158	0.075096	0.35
0.02504803	0.018324803	0.087484	0.4
0.033374293	0.029359793	0.09784	0.45
0.043037385	0.051209544	0.107062404	0.5
0.051669456	0.074811553	0.121199005	0.55
0.059105605	0.099695249	0.135105137	0.6
0.065752861	0.124519535	0.158396397	0.65
0.071957074	0.149283993	0.189158961	0.7
0.077818493	0.174310052	0.225404987	0.75
0.08357344	0.199024297	0.248146427	0.8
0.095284771	0.248952864	0.36	1
0.107144429	0.298724578		
0.119813668	0.349090344		
0.133019086	0.401369087		
0.146981574	0.450046394		
0.160667424	0.49986354		
0.172167908	0.551116826		
0.180776866	0.597678741		
0.191681692	0.649049093		
0.207201642	0.699178342		
0.23437117	0.751961614		
0.25988335	0.797782109		
0.290124347	0.849285218		
0.332976471	0.898134155		
0.36	1		
